Stats: pseudorandom algorithm, set 0-9, n=500
	R	RNG	RG	CS1	CS2	CST	Associates
Mean:	1.981	0.240	9.000	26.490	22.130	48.620	0.010	0.020	0.031	0.040	0.049	0.060	0.069	0.079	0.090	0.099	0.092	0.079	0.072	0.061	0.049	0.040	0.030	0.020	0.009
SD:	0.923	0.025	0.325	9.432	8.171	11.464	0.010	0.013	0.016	0.018	0.021	0.024	0.025	0.026	0.028	0.031	0.029	0.026	0.025	0.023	0.021	0.019	0.017	0.013	0.009


Stats: random.org, set 0-9, n=500
	R	RNG	RG	CS1	CS2	CST	Associates
Mean:	1.963	0.242	9.036	26.202	22.298	48.500	0.011	0.020	0.029	0.040	0.052	0.060	0.069	0.082	0.091	0.098	0.089	0.078	0.070	0.060	0.051	0.040	0.031	0.019	0.010
SD:	0.879	0.028	0.331	9.865	8.137	11.856	0.010	0.015	0.017	0.018	0.021	0.024	0.025	0.027	0.032	0.030	0.029	0.027	0.027	0.022	0.021	0.019	0.016	0.013	0.010


Stats: pseudorandom algorithm, set 1-9, n=500
	R	RNG	RG	CS1	CS2	CST	Associates
Mean:	6.347	0.275	8.199	29.838	25.424	55.262	0.000	0.012	0.025	0.038	0.049	0.062	0.073	0.085	0.100	0.111	0.098	0.089	0.073	0.062	0.049	0.038	0.025	0.011	0.000
SD:	0.883	0.023	0.291	10.095	9.517	12.840	0.000	0.011	0.015	0.019	0.020	0.024	0.026	0.029	0.030	0.033	0.030	0.028	0.026	0.022	0.021	0.018	0.014	0.010	0.000


Stats: random.org set 1-9, n=500
	R	RNG	RG	CS1	CS2	CST	Associates
Mean:	6.297	0.275	8.190	30.122	24.886	55.008	0.000	0.012	0.024	0.037	0.050	0.063	0.073	0.088	0.100	0.110	0.098	0.085	0.073	0.062	0.050	0.037	0.026	0.012	0.000
SD:	0.824	0.024	0.291	10.473	8.811	12.157	0.000	0.010	0.015	0.017	0.022	0.024	0.026	0.027	0.030	0.032	0.031	0.027	0.026	0.023	0.022	0.018	0.015	0.011	0.000

Stats: pseudorandom algorithm, set 0-9, n=10000
	R	RNG	RG	CS1	CS2	CST	Associates
Mean:	1.998	0.242	8.999	26.055	22.386	48.441	0.010	0.020	0.030	0.040	0.050	0.060	0.070	0.080	0.090	0.100	0.090	0.080	0.070	0.060	0.050	0.040	0.030	0.020	0.010
SD:	0.940	0.026	0.331	9.289	8.337	11.621	0.010	0.014	0.016	0.019	0.021	0.023	0.025	0.027	0.029	0.030	0.028	0.027	0.026	0.023	0.021	0.019	0.016	0.014	0.010

// Stats: pseudorandom algorithm, set 1-9, n=10000
// 	R	RNG	RG	CS1	CS2	CST	Associates
// Mean:	6.348	0.276	8.205	29.512	25.073	54.585	0.000	0.012	0.025	0.037	0.049	0.062	0.074	0.087	0.099	0.111	0.098	0.086	0.074	 0.062	0.049	0.037	0.025	0.012	0.000
// SD:	0.882	0.024	0.280	10.254	9.053	12.726	0.000	0.011	0.015	0.018	0.021	0.023	0.025	0.028	0.030	0.032	0.029	0.028	0.025	0.023	0.021	0.018	0.015	0.011	0.000


Stats: pseudorandom algorithm, set [1-9], n=10000
	R	RNG	RG	CS1	CS2	CST	Associates
Mean:	1.857	0.276	5.864	29.512	25.073	54.585	0.000	0.012	0.025	0.037	0.049	0.062	0.074	0.087	0.099	0.111	0.098	0.086	0.074	0.062	0.049	0.037	0.025	0.012	0.000
SD:	0.925	0.024	0.707	10.254	9.053	12.726	0.000	0.011	0.015	0.018	0.021	0.023	0.025	0.028	0.030	0.032	0.029	0.028	0.025	0.023	0.021	0.018	0.015	0.011	0.000
