R	RNG	RG	CS1	CS2	CST	A-9	A-8	A-7	A-6	A-5	A-4	A-3	A-2	A-1	A0	A1	A2	A3	A4	A5	A6	A7	A8	A9
2.215	0.305	6.000	21.000	27.000	48.000	0.010	0.040	0.040	0.040	0.100	0.020	0.070	0.070	0.100	0.010	0.050	0.090	0.130	0.070	0.030	0.040	0.060	0.020	0.010
1.177	0.259	9.000	28.000	26.000	54.000	0.000	0.010	0.040	0.050	0.040	0.070	0.100	0.090	0.100	0.010	0.080	0.090	0.080	0.090	0.090	0.030	0.010	0.020	0.000
3.736	0.284	5.000	20.000	33.000	53.000	0.000	0.030	0.030	0.040	0.070	0.090	0.060	0.110	0.090	0.000	0.050	0.080	0.110	0.080	0.030	0.070	0.020	0.040	0.000
2.332	0.265	7.000	21.000	18.000	39.000	0.010	0.010	0.050	0.040	0.090	0.100	0.060	0.040	0.040	0.000	0.110	0.100	0.120	0.060	0.070	0.060	0.030	0.010	0.000
0.345	0.243	7.000	29.000	19.000	48.000	0.010	0.010	0.010	0.040	0.060	0.080	0.100	0.070	0.150	0.010	0.060	0.090	0.100	0.070	0.040	0.050	0.030	0.020	0.000
2.177	0.314	6.000	26.000	17.000	43.000	0.000	0.010	0.040	0.100	0.030	0.050	0.130	0.090	0.070	0.000	0.110	0.040	0.050	0.050	0.120	0.040	0.030	0.000	0.040
1.843	0.235	6.000	15.000	33.000	48.000	0.010	0.040	0.040	0.040	0.050	0.050	0.080	0.100	0.050	0.040	0.070	0.130	0.100	0.040	0.030	0.040	0.050	0.020	0.020
0.937	0.244	8.000	24.000	12.000	36.000	0.000	0.020	0.040	0.060	0.110	0.060	0.080	0.060	0.070	0.000	0.100	0.060	0.070	0.080	0.040	0.070	0.030	0.010	0.040
1.383	0.257	6.000	29.000	34.000	63.000	0.000	0.020	0.010	0.040	0.080	0.050	0.080	0.090	0.110	0.010	0.120	0.130	0.080	0.050	0.050	0.030	0.050	0.000	0.000
3.951	0.305	6.000	33.000	28.000	61.000	0.000	0.020	0.020	0.010	0.080	0.030	0.110	0.120	0.150	0.000	0.100	0.060	0.090	0.090	0.040	0.040	0.010	0.030	0.000
1.673	0.269	6.000	19.000	33.000	52.000	0.000	0.010	0.060	0.060	0.040	0.070	0.080	0.130	0.060	0.010	0.080	0.060	0.070	0.060	0.090	0.060	0.050	0.000	0.010
0.985	0.286	7.000	20.000	29.000	49.000	0.000	0.020	0.020	0.050	0.100	0.080	0.030	0.120	0.090	0.000	0.070	0.100	0.050	0.080	0.070	0.090	0.030	0.000	0.000
1.377	0.270	7.000	23.000	14.000	37.000	0.030	0.000	0.070	0.030	0.040	0.070	0.100	0.080	0.110	0.010	0.060	0.040	0.070	0.050	0.130	0.030	0.030	0.050	0.000
2.919	0.285	6.000	19.000	21.000	40.000	0.020	0.000	0.020	0.030	0.070	0.060	0.120	0.110	0.070	0.000	0.080	0.060	0.150	0.070	0.070	0.050	0.010	0.000	0.010
0.828	0.309	6.000	16.000	15.000	31.000	0.020	0.020	0.050	0.020	0.030	0.120	0.120	0.050	0.020	0.000	0.100	0.080	0.090	0.110	0.130	0.010	0.010	0.010	0.010
3.141	0.272	6.000	14.000	28.000	42.000	0.010	0.020	0.020	0.060	0.070	0.080	0.070	0.070	0.120	0.020	0.020	0.090	0.080	0.080	0.090	0.050	0.030	0.010	0.010
1.582	0.258	6.000	24.000	30.000	54.000	0.010	0.030	0.050	0.030	0.030	0.080	0.080	0.090	0.040	0.000	0.130	0.130	0.100	0.040	0.090	0.010	0.050	0.010	0.000
2.379	0.286	7.000	23.000	35.000	58.000	0.000	0.010	0.020	0.050	0.050	0.070	0.140	0.100	0.080	0.000	0.090	0.100	0.040	0.070	0.070	0.080	0.010	0.020	0.000
1.447	0.255	7.000	15.000	19.000	34.000	0.000	0.020	0.010	0.070	0.090	0.060	0.110	0.100	0.070	0.000	0.060	0.070	0.070	0.080	0.050	0.050	0.060	0.030	0.000
0.805	0.235	7.000	18.000	23.000	41.000	0.000	0.010	0.030	0.040	0.090	0.080	0.080	0.120	0.080	0.010	0.060	0.050	0.070	0.100	0.070	0.060	0.030	0.010	0.010
0.977	0.260	6.000	20.000	25.000	45.000	0.000	0.010	0.030	0.080	0.050	0.090	0.050	0.130	0.100	0.000	0.040	0.060	0.110	0.070	0.060	0.050	0.040	0.030	0.000
0.990	0.198	8.000	37.000	20.000	57.000	0.010	0.030	0.010	0.050	0.020	0.040	0.110	0.110	0.120	0.030	0.110	0.090	0.070	0.050	0.050	0.050	0.020	0.030	0.000
1.212	0.268	8.000	26.000	14.000	40.000	0.020	0.020	0.000	0.090	0.080	0.030	0.080	0.070	0.130	0.030	0.090	0.050	0.070	0.040	0.060	0.030	0.040	0.040	0.030
3.717	0.306	7.000	28.000	14.000	42.000	0.010	0.010	0.030	0.020	0.070	0.060	0.130	0.050	0.120	0.020	0.110	0.070	0.070	0.110	0.030	0.030	0.030	0.010	0.020
1.044	0.237	6.000	31.000	35.000	66.000	0.000	0.020	0.010	0.020	0.060	0.090	0.100	0.080	0.130	0.030	0.090	0.110	0.070	0.040	0.080	0.030	0.010	0.000	0.030
1.577	0.260	7.000	17.000	33.000	50.000	0.010	0.020	0.050	0.030	0.050	0.080	0.080	0.110	0.070	0.030	0.040	0.090	0.100	0.070	0.060	0.020	0.060	0.030	0.000
1.500	0.274	7.000	36.000	19.000	55.000	0.010	0.050	0.020	0.020	0.070	0.030	0.100	0.080	0.080	0.010	0.160	0.070	0.050	0.090	0.060	0.060	0.030	0.010	0.000
2.815	0.316	5.000	15.000	34.000	49.000	0.010	0.010	0.010	0.020	0.080	0.150	0.060	0.130	0.020	0.010	0.120	0.070	0.060	0.070	0.090	0.010	0.050	0.030	0.000
1.951	0.255	7.000	29.000	30.000	59.000	0.030	0.000	0.040	0.050	0.080	0.070	0.020	0.090	0.100	0.020	0.090	0.070	0.110	0.050	0.060	0.050	0.050	0.020	0.000
2.929	0.272	7.000	31.000	49.000	80.000	0.000	0.030	0.010	0.070	0.020	0.060	0.090	0.110	0.150	0.010	0.040	0.110	0.070	0.090	0.030	0.050	0.050	0.010	0.000
1.757	0.276	6.000	32.000	22.000	54.000	0.000	0.020	0.040	0.110	0.020	0.050	0.080	0.080	0.080	0.000	0.120	0.080	0.080	0.090	0.040	0.040	0.020	0.030	0.020
2.088	0.298	6.000	27.000	22.000	49.000	0.010	0.030	0.050	0.020	0.060	0.100	0.060	0.050	0.070	0.010	0.120	0.140	0.050	0.080	0.080	0.010	0.000	0.020	0.040
1.950	0.250	7.000	26.000	34.000	60.000	0.000	0.010	0.040	0.040	0.020	0.060	0.110	0.140	0.090	0.020	0.090	0.080	0.090	0.100	0.020	0.050	0.010	0.020	0.010
1.660	0.257	7.000	28.000	16.000	44.000	0.030	0.000	0.040	0.030	0.060	0.080	0.090	0.090	0.100	0.020	0.060	0.070	0.070	0.070	0.060	0.060	0.030	0.020	0.020
1.292	0.239	7.000	32.000	24.000	56.000	0.020	0.030	0.020	0.070	0.030	0.040	0.070	0.090	0.090	0.030	0.110	0.070	0.100	0.070	0.070	0.060	0.010	0.020	0.000
1.192	0.217	7.000	17.000	28.000	45.000	0.010	0.020	0.020	0.060	0.060	0.060	0.050	0.080	0.130	0.010	0.050	0.100	0.140	0.100	0.040	0.040	0.020	0.010	0.000
3.028	0.283	8.000	30.000	32.000	62.000	0.010	0.010	0.040	0.080	0.040	0.030	0.100	0.110	0.050	0.000	0.150	0.090	0.060	0.090	0.020	0.030	0.060	0.020	0.010
1.380	0.239	7.000	12.000	24.000	36.000	0.010	0.020	0.030	0.040	0.100	0.100	0.080	0.050	0.060	0.010	0.060	0.090	0.070	0.070	0.100	0.040	0.040	0.020	0.010
1.199	0.288	7.000	13.000	16.000	29.000	0.010	0.040	0.040	0.010	0.080	0.090	0.080	0.070	0.070	0.000	0.050	0.070	0.150	0.090	0.040	0.050	0.020	0.040	0.000
1.264	0.280	8.000	18.000	19.000	37.000	0.000	0.030	0.060	0.020	0.100	0.060	0.060	0.080	0.070	0.000	0.050	0.100	0.100	0.110	0.080	0.040	0.020	0.020	0.000
2.308	0.263	6.000	27.000	34.000	61.000	0.010	0.010	0.020	0.050	0.070	0.100	0.050	0.120	0.090	0.000	0.060	0.110	0.080	0.060	0.050	0.040	0.060	0.010	0.010
2.760	0.270	6.000	14.000	24.000	38.000	0.000	0.040	0.010	0.050	0.080	0.050	0.090	0.070	0.070	0.010	0.060	0.110	0.140	0.130	0.030	0.040	0.010	0.000	0.010
1.958	0.237	6.000	32.000	35.000	67.000	0.000	0.020	0.030	0.040	0.060	0.070	0.050	0.110	0.080	0.000	0.140	0.120	0.100	0.050	0.060	0.030	0.040	0.000	0.000
1.179	0.234	8.000	30.000	20.000	50.000	0.010	0.010	0.050	0.060	0.100	0.050	0.070	0.090	0.030	0.000	0.130	0.070	0.050	0.090	0.030	0.090	0.040	0.020	0.010
2.118	0.254	6.000	23.000	38.000	61.000	0.010	0.000	0.030	0.030	0.060	0.070	0.080	0.170	0.080	0.000	0.090	0.070	0.040	0.130	0.050	0.050	0.020	0.020	0.000
0.513	0.241	7.000	30.000	23.000	53.000	0.010	0.030	0.040	0.070	0.070	0.050	0.080	0.050	0.070	0.000	0.090	0.100	0.080	0.080	0.060	0.050	0.030	0.030	0.010
1.461	0.250	7.000	60.000	21.000	81.000	0.010	0.020	0.020	0.030	0.040	0.090	0.080	0.100	0.120	0.000	0.140	0.070	0.040	0.080	0.070	0.040	0.030	0.010	0.010
2.059	0.238	7.000	16.000	18.000	34.000	0.000	0.030	0.050	0.080	0.030	0.110	0.080	0.030	0.080	0.000	0.060	0.090	0.080	0.110	0.030	0.040	0.070	0.030	0.000
2.216	0.291	7.000	22.000	30.000	52.000	0.000	0.000	0.020	0.060	0.070	0.100	0.060	0.130	0.050	0.000	0.140	0.090	0.080	0.050	0.020	0.040	0.080	0.010	0.000
1.386	0.231	8.000	24.000	23.000	47.000	0.020	0.020	0.050	0.060	0.040	0.050	0.060	0.090	0.100	0.010	0.080	0.080	0.110	0.050	0.040	0.070	0.040	0.030	0.000
2.596	0.273	6.000	28.000	21.000	49.000	0.000	0.020	0.060	0.060	0.050	0.060	0.070	0.090	0.100	0.000	0.100	0.060	0.080	0.050	0.050	0.080	0.030	0.040	0.000
1.514	0.251	6.000	22.000	21.000	43.000	0.020	0.020	0.030	0.070	0.090	0.060	0.050	0.050	0.070	0.000	0.090	0.120	0.080	0.080	0.070	0.020	0.040	0.020	0.020
2.492	0.275	7.000	32.000	24.000	56.000	0.000	0.030	0.030	0.040	0.090	0.030	0.080	0.080	0.090	0.020	0.130	0.100	0.050	0.080	0.020	0.080	0.030	0.020	0.000
1.020	0.254	7.000	28.000	36.000	64.000	0.000	0.020	0.050	0.040	0.030	0.050	0.110	0.130	0.110	0.000	0.050	0.090	0.080	0.070	0.060	0.050	0.040	0.010	0.010
1.278	0.254	6.000	15.000	27.000	42.000	0.010	0.030	0.050	0.020	0.070	0.070	0.070	0.090	0.080	0.000	0.030	0.130	0.070	0.150	0.040	0.050	0.020	0.020	0.000
1.794	0.245	6.000	27.000	20.000	47.000	0.010	0.020	0.040	0.070	0.060	0.070	0.080	0.060	0.070	0.000	0.100	0.090	0.040	0.110	0.050	0.080	0.020	0.020	0.010
2.567	0.262	7.000	20.000	40.000	60.000	0.000	0.020	0.050	0.030	0.040	0.070	0.110	0.100	0.060	0.000	0.100	0.120	0.060	0.090	0.070	0.040	0.030	0.010	0.000
1.407	0.238	8.000	19.000	19.000	38.000	0.000	0.010	0.040	0.030	0.070	0.080	0.120	0.100	0.020	0.000	0.130	0.090	0.070	0.080	0.050	0.070	0.040	0.000	0.000
1.589	0.242	7.000	24.000	18.000	42.000	0.010	0.020	0.030	0.110	0.030	0.060	0.070	0.090	0.060	0.000	0.120	0.050	0.070	0.120	0.050	0.030	0.040	0.020	0.020
1.735	0.262	6.000	15.000	21.000	36.000	0.000	0.040	0.070	0.070	0.020	0.090	0.070	0.100	0.040	0.000	0.090	0.070	0.060	0.050	0.050	0.040	0.080	0.060	0.000
1.899	0.214	6.000	21.000	36.000	57.000	0.010	0.020	0.030	0.050	0.040	0.080	0.070	0.110	0.090	0.000	0.080	0.100	0.090	0.060	0.080	0.040	0.030	0.020	0.000
1.681	0.308	6.000	37.000	18.000	55.000	0.000	0.040	0.050	0.030	0.040	0.070	0.130	0.050	0.090	0.000	0.080	0.100	0.070	0.070	0.070	0.020	0.050	0.040	0.000
1.332	0.257	5.000	22.000	23.000	45.000	0.000	0.030	0.010	0.080	0.110	0.020	0.060	0.080	0.060	0.010	0.100	0.070	0.150	0.070	0.080	0.050	0.010	0.010	0.000
1.417	0.275	6.000	38.000	18.000	56.000	0.020	0.030	0.070	0.010	0.030	0.010	0.110	0.060	0.110	0.010	0.130	0.110	0.120	0.050	0.050	0.030	0.030	0.010	0.010
1.119	0.250	8.000	24.000	26.000	50.000	0.000	0.010	0.010	0.070	0.060	0.100	0.040	0.100	0.100	0.010	0.120	0.060	0.120	0.070	0.040	0.030	0.050	0.010	0.000
1.360	0.245	7.000	35.000	12.000	47.000	0.010	0.040	0.020	0.020	0.110	0.070	0.070	0.050	0.130	0.000	0.060	0.070	0.070	0.080	0.060	0.080	0.050	0.010	0.000
1.028	0.254	8.000	24.000	14.000	38.000	0.010	0.030	0.010	0.070	0.040	0.100	0.090	0.070	0.110	0.000	0.050	0.050	0.090	0.100	0.050	0.060	0.050	0.020	0.000
1.162	0.255	5.000	24.000	23.000	47.000	0.010	0.010	0.020	0.070	0.040	0.130	0.090	0.070	0.080	0.000	0.060	0.080	0.060	0.090	0.070	0.050	0.030	0.040	0.000
1.229	0.267	7.000	19.000	20.000	39.000	0.020	0.020	0.050	0.020	0.090	0.020	0.090	0.090	0.090	0.000	0.060	0.070	0.130	0.130	0.030	0.050	0.010	0.020	0.010
1.516	0.339	7.000	16.000	18.000	34.000	0.000	0.030	0.080	0.010	0.120	0.030	0.080	0.090	0.090	0.010	0.060	0.050	0.060	0.080	0.040	0.040	0.080	0.020	0.030
3.135	0.273	6.000	12.000	42.000	54.000	0.010	0.010	0.030	0.030	0.050	0.090	0.100	0.100	0.030	0.020	0.070	0.140	0.130	0.080	0.060	0.030	0.010	0.000	0.010
1.155	0.197	7.000	26.000	23.000	49.000	0.020	0.030	0.040	0.050	0.060	0.050	0.090	0.070	0.090	0.010	0.070	0.100	0.080	0.040	0.050	0.040	0.050	0.050	0.010
1.330	0.233	7.000	26.000	25.000	51.000	0.000	0.020	0.030	0.080	0.020	0.030	0.110	0.130	0.100	0.000	0.080	0.080	0.110	0.070	0.020	0.060	0.030	0.030	0.000
1.356	0.225	7.000	23.000	23.000	46.000	0.010	0.020	0.030	0.030	0.040	0.080	0.090	0.090	0.080	0.010	0.110	0.100	0.120	0.080	0.040	0.020	0.020	0.030	0.000
1.206	0.234	7.000	33.000	19.000	52.000	0.030	0.020	0.010	0.060	0.060	0.060	0.060	0.080	0.100	0.010	0.110	0.070	0.100	0.080	0.060	0.030	0.020	0.010	0.030
1.452	0.278	7.000	21.000	43.000	64.000	0.000	0.020	0.030	0.020	0.080	0.060	0.110	0.130	0.080	0.000	0.060	0.120	0.080	0.050	0.030	0.050	0.050	0.010	0.020
1.532	0.235	7.000	41.000	46.000	87.000	0.000	0.010	0.030	0.030	0.070	0.090	0.060	0.130	0.050	0.010	0.100	0.130	0.090	0.070	0.070	0.020	0.030	0.010	0.000
1.687	0.281	7.000	14.000	51.000	65.000	0.000	0.020	0.040	0.100	0.040	0.050	0.040	0.130	0.090	0.000	0.040	0.120	0.070	0.090	0.070	0.040	0.030	0.010	0.020
1.247	0.253	6.000	17.000	36.000	53.000	0.000	0.050	0.040	0.030	0.060	0.070	0.100	0.100	0.050	0.000	0.100	0.100	0.060	0.050	0.060	0.020	0.030	0.040	0.040
1.614	0.219	7.000	23.000	26.000	49.000	0.000	0.020	0.020	0.030	0.090	0.080	0.080	0.090	0.120	0.000	0.050	0.090	0.110	0.080	0.030	0.050	0.020	0.040	0.000
0.682	0.240	9.000	28.000	19.000	47.000	0.020	0.010	0.010	0.060	0.040	0.050	0.100	0.080	0.120	0.000	0.140	0.090	0.080	0.070	0.040	0.040	0.030	0.000	0.020
1.502	0.261	8.000	40.000	11.000	51.000	0.000	0.040	0.030	0.050	0.060	0.080	0.060	0.070	0.090	0.000	0.170	0.020	0.110	0.040	0.060	0.040	0.040	0.020	0.020
2.080	0.278	7.000	33.000	39.000	72.000	0.010	0.020	0.040	0.030	0.010	0.070	0.070	0.150	0.130	0.000	0.060	0.120	0.060	0.090	0.050	0.070	0.000	0.010	0.010
1.296	0.244	8.000	21.000	37.000	58.000	0.010	0.040	0.040	0.040	0.050	0.100	0.020	0.070	0.100	0.000	0.070	0.120	0.130	0.040	0.080	0.040	0.030	0.010	0.010
0.968	0.267	7.000	48.000	24.000	72.000	0.010	0.000	0.040	0.040	0.040	0.030	0.130	0.100	0.130	0.000	0.130	0.060	0.080	0.040	0.090	0.030	0.030	0.020	0.000
2.028	0.315	7.000	35.000	62.000	97.000	0.000	0.010	0.040	0.030	0.010	0.070	0.090	0.150	0.060	0.010	0.150	0.130	0.100	0.040	0.060	0.030	0.010	0.010	0.000
2.361	0.253	7.000	23.000	29.000	52.000	0.000	0.040	0.030	0.030	0.050	0.070	0.100	0.090	0.060	0.000	0.110	0.130	0.090	0.040	0.060	0.040	0.040	0.020	0.000
0.623	0.237	8.000	20.000	35.000	55.000	0.000	0.040	0.050	0.050	0.050	0.070	0.050	0.080	0.090	0.000	0.070	0.130	0.110	0.050	0.030	0.040	0.070	0.020	0.000
2.784	0.275	7.000	20.000	26.000	46.000	0.020	0.020	0.050	0.040	0.050	0.060	0.080	0.090	0.080	0.000	0.060	0.090	0.090	0.110	0.080	0.040	0.010	0.010	0.020
0.751	0.235	7.000	19.000	52.000	71.000	0.010	0.020	0.040	0.040	0.060	0.070	0.050	0.150	0.080	0.000	0.060	0.110	0.060	0.090	0.040	0.030	0.050	0.030	0.010
3.055	0.289	6.000	42.000	37.000	79.000	0.020	0.030	0.010	0.040	0.020	0.040	0.110	0.130	0.070	0.010	0.150	0.100	0.040	0.100	0.050	0.030	0.050	0.000	0.000
0.561	0.254	8.000	26.000	9.000	35.000	0.010	0.040	0.030	0.050	0.060	0.090	0.060	0.060	0.080	0.000	0.140	0.030	0.110	0.030	0.070	0.070	0.030	0.030	0.010
2.742	0.339	7.000	15.000	36.000	51.000	0.000	0.020	0.050	0.010	0.090	0.050	0.100	0.120	0.090	0.000	0.040	0.120	0.090	0.050	0.050	0.040	0.030	0.050	0.000
2.355	0.298	7.000	29.000	31.000	60.000	0.000	0.030	0.000	0.010	0.070	0.060	0.120	0.120	0.090	0.010	0.120	0.090	0.130	0.050	0.020	0.010	0.030	0.040	0.000
1.466	0.292	6.000	26.000	51.000	77.000	0.020	0.040	0.020	0.060	0.020	0.060	0.050	0.130	0.060	0.000	0.100	0.170	0.060	0.020	0.090	0.050	0.040	0.010	0.000
0.873	0.269	6.000	26.000	11.000	37.000	0.000	0.010	0.060	0.030	0.070	0.100	0.090	0.040	0.090	0.000	0.100	0.070	0.090	0.110	0.040	0.040	0.020	0.020	0.020
1.123	0.255	6.000	23.000	35.000	58.000	0.010	0.030	0.050	0.030	0.070	0.080	0.040	0.080	0.080	0.000	0.110	0.120	0.050	0.060	0.070	0.080	0.010	0.020	0.010
2.097	0.280	8.000	25.000	34.000	59.000	0.030	0.030	0.030	0.050	0.050	0.050	0.080	0.090	0.080	0.000	0.070	0.110	0.080	0.070	0.070	0.040	0.010	0.040	0.020
1.241	0.234	7.000	26.000	29.000	55.000	0.010	0.020	0.050	0.020	0.080	0.030	0.070	0.080	0.130	0.010	0.070	0.110	0.120	0.080	0.040	0.030	0.020	0.020	0.010
0.893	0.239	7.000	41.000	30.000	71.000	0.010	0.030	0.050	0.050	0.050	0.040	0.060	0.070	0.120	0.000	0.110	0.100	0.100	0.030	0.080	0.040	0.030	0.020	0.010
1.213	0.281	6.000	26.000	41.000	67.000	0.010	0.020	0.040	0.040	0.070	0.060	0.060	0.120	0.130	0.000	0.050	0.050	0.090	0.090	0.040	0.050	0.040	0.010	0.030
1.038	0.253	7.000	34.000	29.000	63.000	0.010	0.010	0.050	0.060	0.050	0.030	0.120	0.080	0.070	0.000	0.080	0.110	0.140	0.030	0.060	0.040	0.020	0.040	0.000
1.450	0.258	8.000	20.000	27.000	47.000	0.010	0.030	0.010	0.030	0.080	0.050	0.110	0.110	0.090	0.000	0.070	0.080	0.100	0.070	0.050	0.060	0.020	0.010	0.020
0.789	0.275	6.000	30.000	32.000	62.000	0.010	0.000	0.040	0.050	0.080	0.040	0.100	0.090	0.110	0.000	0.090	0.080	0.090	0.030	0.050	0.100	0.000	0.030	0.010
1.909	0.238	7.000	26.000	30.000	56.000	0.010	0.010	0.040	0.040	0.080	0.070	0.050	0.080	0.090	0.000	0.110	0.120	0.080	0.080	0.060	0.020	0.050	0.000	0.010
1.111	0.271	7.000	28.000	39.000	67.000	0.030	0.020	0.040	0.020	0.050	0.060	0.080	0.120	0.110	0.000	0.080	0.090	0.060	0.020	0.060	0.070	0.070	0.000	0.020
1.687	0.271	6.000	19.000	44.000	63.000	0.000	0.010	0.060	0.020	0.060	0.110	0.050	0.140	0.050	0.000	0.080	0.160	0.030	0.090	0.020	0.020	0.050	0.030	0.020
2.297	0.281	7.000	25.000	42.000	67.000	0.000	0.050	0.030	0.040	0.050	0.050	0.060	0.150	0.070	0.000	0.110	0.110	0.050	0.070	0.030	0.020	0.060	0.050	0.000
0.979	0.271	8.000	38.000	15.000	53.000	0.010	0.010	0.030	0.020	0.080	0.130	0.040	0.070	0.100	0.000	0.150	0.060	0.070	0.090	0.030	0.030	0.050	0.010	0.020
2.606	0.325	6.000	38.000	35.000	73.000	0.040	0.020	0.050	0.020	0.050	0.050	0.060	0.070	0.100	0.000	0.080	0.170	0.050	0.080	0.060	0.060	0.020	0.010	0.010
1.425	0.219	7.000	19.000	45.000	64.000	0.010	0.020	0.030	0.070	0.030	0.070	0.080	0.130	0.060	0.000	0.090	0.080	0.080	0.070	0.070	0.060	0.020	0.020	0.010
1.079	0.238	7.000	17.000	33.000	50.000	0.000	0.050	0.020	0.000	0.060	0.080	0.090	0.120	0.080	0.000	0.090	0.130	0.090	0.050	0.050	0.020	0.030	0.010	0.030
1.502	0.258	6.000	35.000	21.000	56.000	0.010	0.010	0.060	0.020	0.080	0.040	0.080	0.050	0.120	0.000	0.130	0.130	0.070	0.040	0.050	0.070	0.020	0.020	0.000
1.333	0.266	6.000	18.000	32.000	50.000	0.030	0.010	0.050	0.030	0.040	0.060	0.090	0.070	0.070	0.000	0.090	0.120	0.130	0.120	0.030	0.020	0.000	0.030	0.010
1.443	0.257	8.000	30.000	28.000	58.000	0.010	0.010	0.020	0.040	0.070	0.120	0.020	0.090	0.120	0.000	0.080	0.110	0.080	0.100	0.060	0.010	0.050	0.000	0.010
1.223	0.239	7.000	29.000	23.000	52.000	0.010	0.020	0.040	0.030	0.060	0.110	0.050	0.100	0.090	0.000	0.090	0.070	0.090	0.060	0.090	0.010	0.020	0.040	0.020
1.539	0.250	7.000	23.000	45.000	68.000	0.000	0.010	0.030	0.060	0.020	0.050	0.090	0.120	0.080	0.000	0.110	0.180	0.100	0.080	0.010	0.020	0.040	0.000	0.000
0.668	0.233	8.000	21.000	34.000	55.000	0.010	0.020	0.050	0.050	0.030	0.060	0.100	0.080	0.080	0.000	0.110	0.100	0.100	0.060	0.020	0.070	0.030	0.020	0.010
0.986	0.297	8.000	17.000	22.000	39.000	0.000	0.010	0.040	0.040	0.120	0.040	0.140	0.060	0.060	0.000	0.090	0.080	0.050	0.080	0.020	0.080	0.060	0.030	0.000
1.974	0.272	7.000	28.000	30.000	58.000	0.000	0.000	0.060	0.070	0.070	0.020	0.060	0.080	0.120	0.000	0.090	0.120	0.100	0.080	0.060	0.040	0.010	0.010	0.010
0.897	0.288	7.000	12.000	64.000	76.000	0.010	0.010	0.020	0.050	0.040	0.080	0.080	0.180	0.070	0.000	0.050	0.160	0.050	0.040	0.030	0.020	0.030	0.080	0.000
2.221	0.259	8.000	19.000	27.000	46.000	0.000	0.030	0.050	0.030	0.090	0.070	0.040	0.130	0.080	0.000	0.060	0.080	0.060	0.090	0.060	0.040	0.060	0.030	0.000
2.916	0.277	5.000	26.000	36.000	62.000	0.000	0.030	0.050	0.020	0.050	0.060	0.110	0.100	0.080	0.000	0.080	0.120	0.100	0.030	0.060	0.020	0.070	0.020	0.000
1.347	0.283	7.000	15.000	41.000	56.000	0.020	0.020	0.060	0.010	0.100	0.080	0.040	0.110	0.050	0.000	0.080	0.120	0.050	0.050	0.040	0.070	0.070	0.020	0.010
1.435	0.253	7.000	31.000	26.000	57.000	0.010	0.000	0.020	0.040	0.080	0.040	0.110	0.120	0.130	0.000	0.060	0.090	0.080	0.070	0.070	0.010	0.030	0.010	0.030
1.169	0.261	7.000	47.000	17.000	64.000	0.020	0.030	0.030	0.040	0.100	0.020	0.030	0.080	0.150	0.020	0.100	0.070	0.090	0.050	0.040	0.030	0.040	0.060	0.000
0.937	0.240	6.000	35.000	26.000	61.000	0.010	0.010	0.040	0.070	0.060	0.040	0.070	0.100	0.130	0.000	0.080	0.100	0.040	0.070	0.060	0.030	0.040	0.020	0.030
2.016	0.322	6.000	31.000	37.000	68.000	0.000	0.010	0.020	0.040	0.050	0.070	0.060	0.120	0.180	0.000	0.050	0.100	0.090	0.110	0.040	0.020	0.020	0.010	0.010
1.112	0.252	7.000	45.000	36.000	81.000	0.000	0.010	0.040	0.020	0.070	0.030	0.110	0.110	0.140	0.000	0.090	0.130	0.040	0.070	0.050	0.020	0.050	0.010	0.010
0.934	0.248	6.000	26.000	24.000	50.000	0.000	0.030	0.010	0.060	0.100	0.070	0.060	0.040	0.090	0.000	0.120	0.100	0.090	0.120	0.030	0.020	0.020	0.040	0.000
1.334	0.252	7.000	17.000	29.000	46.000	0.020	0.030	0.030	0.040	0.010	0.050	0.110	0.110	0.140	0.000	0.040	0.100	0.090	0.050	0.080	0.050	0.010	0.030	0.010
0.567	0.223	8.000	39.000	21.000	60.000	0.020	0.010	0.050	0.060	0.060	0.030	0.040	0.100	0.120	0.000	0.090	0.100	0.090	0.100	0.050	0.020	0.020	0.000	0.040
0.639	0.233	8.000	28.000	33.000	61.000	0.010	0.030	0.020	0.040	0.040	0.120	0.030	0.110	0.080	0.000	0.110	0.120	0.060	0.090	0.050	0.040	0.010	0.030	0.010
3.252	0.313	6.000	24.000	33.000	57.000	0.020	0.010	0.020	0.060	0.020	0.070	0.100	0.130	0.080	0.000	0.100	0.060	0.150	0.000	0.080	0.050	0.010	0.020	0.020
0.706	0.212	7.000	28.000	27.000	55.000	0.010	0.020	0.040	0.020	0.070	0.040	0.130	0.080	0.100	0.000	0.100	0.140	0.030	0.040	0.050	0.050	0.030	0.030	0.020
1.620	0.277	7.000	22.000	25.000	47.000	0.000	0.030	0.060	0.050	0.050	0.080	0.060	0.050	0.080	0.000	0.080	0.120	0.120	0.070	0.050	0.040	0.040	0.020	0.000
0.707	0.268	7.000	42.000	18.000	60.000	0.000	0.000	0.040	0.060	0.030	0.060	0.110	0.090	0.130	0.000	0.130	0.080	0.080	0.070	0.010	0.020	0.040	0.040	0.010
2.122	0.274	6.000	39.000	23.000	62.000	0.030	0.020	0.040	0.020	0.040	0.070	0.070	0.080	0.120	0.000	0.130	0.110	0.060	0.060	0.030	0.010	0.080	0.010	0.020
1.794	0.258	6.000	33.000	12.000	45.000	0.010	0.020	0.020	0.040	0.090	0.060	0.100	0.030	0.160	0.000	0.080	0.070	0.080	0.060	0.040	0.070	0.040	0.030	0.000
0.615	0.221	8.000	26.000	42.000	68.000	0.000	0.010	0.030	0.060	0.030	0.090	0.090	0.080	0.110	0.000	0.090	0.140	0.070	0.080	0.020	0.040	0.030	0.020	0.010
3.128	0.262	6.000	25.000	35.000	60.000	0.000	0.020	0.050	0.040	0.060	0.050	0.050	0.120	0.110	0.010	0.060	0.090	0.140	0.080	0.040	0.030	0.020	0.020	0.010
1.180	0.295	7.000	28.000	34.000	62.000	0.030	0.050	0.010	0.030	0.040	0.050	0.070	0.090	0.160	0.000	0.040	0.110	0.060	0.060	0.080	0.080	0.020	0.010	0.010
1.071	0.276	7.000	21.000	38.000	59.000	0.000	0.030	0.020	0.070	0.080	0.070	0.020	0.100	0.080	0.000	0.090	0.120	0.120	0.040	0.060	0.060	0.020	0.010	0.010
2.155	0.306	6.000	19.000	47.000	66.000	0.020	0.020	0.030	0.080	0.020	0.060	0.080	0.100	0.070	0.000	0.100	0.110	0.060	0.060	0.100	0.030	0.030	0.020	0.010
1.497	0.274	7.000	41.000	18.000	59.000	0.000	0.010	0.030	0.060	0.040	0.070	0.100	0.060	0.140	0.010	0.130	0.080	0.080	0.040	0.020	0.060	0.030	0.030	0.010
1.171	0.262	8.000	32.000	31.000	63.000	0.010	0.010	0.010	0.040	0.030	0.050	0.120	0.160	0.150	0.010	0.070	0.090	0.040	0.040	0.040	0.060	0.010	0.040	0.020
2.432	0.296	7.000	22.000	9.000	31.000	0.010	0.050	0.060	0.030	0.070	0.070	0.050	0.070	0.080	0.000	0.100	0.020	0.140	0.070	0.040	0.030	0.050	0.020	0.040
1.395	0.253	7.000	34.000	31.000	65.000	0.020	0.000	0.050	0.030	0.040	0.090	0.070	0.110	0.070	0.010	0.120	0.100	0.110	0.020	0.050	0.030	0.040	0.030	0.010
1.035	0.273	7.000	18.000	17.000	35.000	0.020	0.020	0.040	0.070	0.050	0.070	0.060	0.060	0.090	0.010	0.080	0.070	0.110	0.070	0.060	0.050	0.050	0.000	0.020
2.935	0.277	7.000	21.000	24.000	45.000	0.010	0.010	0.050	0.070	0.040	0.040	0.110	0.080	0.040	0.010	0.110	0.100	0.100	0.090	0.070	0.030	0.010	0.010	0.020
1.848	0.295	7.000	32.000	23.000	55.000	0.010	0.010	0.040	0.050	0.040	0.090	0.070	0.090	0.090	0.010	0.120	0.100	0.050	0.060	0.030	0.070	0.050	0.020	0.000
2.090	0.300	7.000	21.000	43.000	64.000	0.000	0.010	0.060	0.060	0.060	0.080	0.050	0.080	0.130	0.000	0.040	0.100	0.070	0.080	0.040	0.060	0.060	0.010	0.010
1.791	0.276	7.000	29.000	22.000	51.000	0.040	0.030	0.030	0.050	0.020	0.040	0.080	0.080	0.080	0.000	0.150	0.110	0.080	0.050	0.050	0.030	0.050	0.010	0.020
0.867	0.236	8.000	29.000	26.000	55.000	0.000	0.010	0.020	0.070	0.030	0.110	0.080	0.110	0.080	0.000	0.120	0.090	0.050	0.060	0.060	0.040	0.030	0.030	0.010
1.762	0.250	7.000	28.000	12.000	40.000	0.000	0.020	0.030	0.040	0.100	0.090	0.060	0.070	0.100	0.010	0.100	0.050	0.070	0.070	0.050	0.060	0.060	0.010	0.010
0.583	0.256	8.000	23.000	23.000	46.000	0.010	0.030	0.010	0.070	0.050	0.060	0.060	0.110	0.110	0.000	0.100	0.090	0.070	0.070	0.040	0.040	0.030	0.050	0.000
1.236	0.270	7.000	43.000	13.000	56.000	0.000	0.030	0.030	0.030	0.050	0.170	0.040	0.040	0.080	0.000	0.150	0.080	0.050	0.060	0.080	0.070	0.010	0.020	0.010
1.740	0.302	7.000	47.000	24.000	71.000	0.000	0.010	0.020	0.060	0.060	0.060	0.080	0.050	0.210	0.000	0.080	0.110	0.050	0.040	0.050	0.070	0.020	0.020	0.010
1.221	0.260	6.000	22.000	23.000	45.000	0.030	0.040	0.020	0.090	0.040	0.060	0.070	0.050	0.070	0.000	0.070	0.120	0.080	0.090	0.040	0.040	0.020	0.030	0.040
1.165	0.278	8.000	43.000	11.000	54.000	0.020	0.060	0.030	0.040	0.040	0.090	0.060	0.060	0.100	0.000	0.140	0.030	0.050	0.050	0.050	0.090	0.020	0.040	0.030
1.752	0.246	8.000	58.000	38.000	96.000	0.020	0.030	0.040	0.030	0.050	0.040	0.050	0.080	0.180	0.000	0.090	0.120	0.050	0.050	0.040	0.070	0.020	0.020	0.020
1.753	0.283	7.000	62.000	22.000	84.000	0.040	0.030	0.010	0.050	0.050	0.010	0.070	0.070	0.130	0.020	0.190	0.070	0.030	0.070	0.060	0.010	0.040	0.050	0.000
0.714	0.266	7.000	36.000	16.000	52.000	0.010	0.020	0.020	0.040	0.060	0.040	0.090	0.080	0.170	0.010	0.100	0.080	0.080	0.040	0.040	0.050	0.030	0.040	0.000
1.422	0.227	8.000	32.000	25.000	57.000	0.010	0.030	0.010	0.050	0.050	0.080	0.060	0.110	0.090	0.010	0.130	0.080	0.060	0.070	0.060	0.030	0.040	0.020	0.010
0.916	0.266	7.000	39.000	33.000	72.000	0.000	0.030	0.020	0.030	0.080	0.080	0.050	0.100	0.140	0.000	0.090	0.090	0.060	0.060	0.040	0.060	0.050	0.010	0.010
2.390	0.299	7.000	30.000	23.000	53.000	0.000	0.020	0.050	0.040	0.040	0.040	0.070	0.110	0.090	0.000	0.130	0.110	0.100	0.100	0.070	0.000	0.020	0.000	0.010
0.305	0.218	6.000	58.000	21.000	79.000	0.020	0.010	0.050	0.040	0.060	0.050	0.040	0.050	0.110	0.020	0.190	0.100	0.070	0.050	0.050	0.050	0.010	0.010	0.020
1.165	0.277	8.000	32.000	42.000	74.000	0.000	0.020	0.050	0.030	0.040	0.050	0.150	0.060	0.080	0.000	0.140	0.140	0.040	0.030	0.070	0.040	0.010	0.030	0.020
0.408	0.219	7.000	41.000	40.000	81.000	0.010	0.020	0.020	0.050	0.050	0.060	0.050	0.090	0.130	0.000	0.140	0.150	0.060	0.030	0.030	0.040	0.050	0.020	0.000
1.431	0.298	8.000	20.000	19.000	39.000	0.040	0.040	0.040	0.020	0.040	0.030	0.080	0.100	0.050	0.010	0.110	0.050	0.160	0.090	0.040	0.070	0.020	0.010	0.000
1.882	0.254	8.000	24.000	25.000	49.000	0.020	0.020	0.030	0.060	0.060	0.040	0.070	0.090	0.100	0.010	0.100	0.100	0.060	0.070	0.050	0.050	0.030	0.020	0.020
2.725	0.291	7.000	66.000	18.000	84.000	0.010	0.030	0.020	0.070	0.020	0.030	0.060	0.120	0.140	0.010	0.190	0.040	0.030	0.040	0.070	0.070	0.020	0.030	0.000
1.794	0.240	8.000	29.000	30.000	59.000	0.010	0.020	0.020	0.010	0.060	0.100	0.080	0.100	0.100	0.000	0.110	0.110	0.040	0.080	0.080	0.050	0.020	0.010	0.000
2.993	0.281	6.000	43.000	29.000	72.000	0.010	0.010	0.030	0.030	0.060	0.060	0.060	0.090	0.130	0.000	0.160	0.140	0.040	0.060	0.030	0.040	0.010	0.030	0.010
0.867	0.241	7.000	28.000	19.000	47.000	0.020	0.040	0.020	0.030	0.060	0.030	0.080	0.090	0.120	0.000	0.100	0.080	0.100	0.090	0.040	0.070	0.010	0.010	0.010
0.388	0.214	7.000	19.000	25.000	44.000	0.010	0.020	0.040	0.050	0.060	0.060	0.120	0.050	0.090	0.000	0.060	0.140	0.060	0.040	0.070	0.070	0.020	0.030	0.010
0.742	0.229	7.000	51.000	25.000	76.000	0.000	0.020	0.050	0.010	0.070	0.040	0.090	0.090	0.140	0.020	0.110	0.090	0.060	0.090	0.010	0.040	0.030	0.020	0.020
0.617	0.282	7.000	33.000	7.000	40.000	0.010	0.020	0.010	0.060	0.050	0.100	0.080	0.050	0.100	0.020	0.150	0.020	0.090	0.090	0.050	0.050	0.020	0.010	0.020
1.355	0.317	8.000	58.000	46.000	104.000	0.010	0.020	0.000	0.050	0.030	0.030	0.040	0.150	0.260	0.000	0.070	0.090	0.030	0.070	0.060	0.050	0.040	0.000	0.000
1.012	0.204	8.000	31.000	16.000	47.000	0.000	0.030	0.060	0.030	0.040	0.070	0.090	0.050	0.120	0.000	0.110	0.090	0.080	0.100	0.030	0.040	0.010	0.030	0.020
1.840	0.255	9.000	21.000	28.000	49.000	0.000	0.020	0.040	0.020	0.060	0.130	0.060	0.090	0.060	0.000	0.110	0.090	0.090	0.080	0.070	0.040	0.010	0.010	0.020
0.345	0.304	9.000	77.000	22.000	99.000	0.000	0.020	0.040	0.050	0.050	0.040	0.040	0.060	0.170	0.000	0.160	0.130	0.070	0.070	0.040	0.010	0.020	0.020	0.010
0.849	0.254	9.000	42.000	15.000	57.000	0.000	0.010	0.020	0.080	0.030	0.080	0.100	0.060	0.100	0.000	0.140	0.070	0.090	0.080	0.070	0.030	0.030	0.010	0.000
0.837	0.253	10.000	49.000	28.000	77.000	0.000	0.030	0.030	0.050	0.050	0.060	0.060	0.080	0.120	0.010	0.130	0.080	0.120	0.060	0.030	0.030	0.020	0.020	0.020
0.583	0.193	9.000	27.000	50.000	77.000	0.010	0.030	0.020	0.020	0.050	0.060	0.070	0.140	0.070	0.000	0.150	0.100	0.090	0.070	0.030	0.060	0.020	0.000	0.010
0.955	0.263	9.000	27.000	22.000	49.000	0.000	0.030	0.010	0.070	0.020	0.080	0.130	0.050	0.090	0.000	0.100	0.110	0.090	0.080	0.070	0.040	0.020	0.000	0.010
1.543	0.255	8.000	31.000	34.000	65.000	0.000	0.000	0.030	0.050	0.070	0.050	0.080	0.110	0.140	0.000	0.120	0.090	0.040	0.050	0.070	0.040	0.040	0.010	0.010
0.583	0.213	9.000	43.000	20.000	63.000	0.020	0.030	0.030	0.010	0.030	0.060	0.130	0.060	0.130	0.010	0.100	0.080	0.090	0.060	0.060	0.060	0.030	0.010	0.000
0.943	0.247	8.000	33.000	39.000	72.000	0.010	0.010	0.030	0.030	0.060	0.060	0.050	0.130	0.130	0.000	0.100	0.130	0.070	0.070	0.040	0.010	0.040	0.020	0.010
0.986	0.274	9.000	60.000	19.000	79.000	0.010	0.010	0.010	0.020	0.040	0.080	0.110	0.060	0.190	0.000	0.100	0.090	0.110	0.090	0.020	0.010	0.020	0.020	0.010
0.457	0.270	9.000	23.000	30.000	53.000	0.000	0.010	0.030	0.010	0.040	0.090	0.120	0.120	0.090	0.020	0.080	0.060	0.110	0.110	0.060	0.030	0.010	0.010	0.000
0.619	0.255	9.000	61.000	23.000	84.000	0.010	0.010	0.020	0.030	0.070	0.060	0.100	0.010	0.130	0.000	0.190	0.160	0.050	0.040	0.050	0.030	0.040	0.000	0.000
0.469	0.271	10.000	34.000	16.000	50.000	0.010	0.030	0.030	0.030	0.070	0.080	0.060	0.050	0.100	0.010	0.180	0.070	0.060	0.050	0.060	0.040	0.030	0.040	0.000
1.293	0.262	9.000	72.000	13.000	85.000	0.010	0.010	0.040	0.030	0.060	0.050	0.080	0.040	0.220	0.020	0.090	0.070	0.080	0.020	0.070	0.050	0.010	0.050	0.000
0.805	0.246	9.000	49.000	11.000	60.000	0.000	0.020	0.030	0.050	0.040	0.040	0.140	0.030	0.120	0.000	0.170	0.080	0.050	0.100	0.080	0.020	0.010	0.020	0.000
2.250	0.287	8.000	56.000	54.000	110.000	0.020	0.010	0.020	0.050	0.040	0.060	0.070	0.110	0.080	0.000	0.180	0.090	0.070	0.050	0.090	0.010	0.030	0.020	0.000
0.735	0.257	10.000	32.000	62.000	94.000	0.000	0.010	0.010	0.040	0.050	0.070	0.080	0.150	0.120	0.010	0.070	0.130	0.090	0.030	0.080	0.020	0.000	0.020	0.020
0.790	0.236	9.000	34.000	23.000	57.000	0.010	0.010	0.030	0.030	0.050	0.110	0.060	0.100	0.160	0.000	0.060	0.050	0.080	0.080	0.080	0.030	0.010	0.030	0.020
0.305	0.264	9.000	46.000	22.000	68.000	0.000	0.020	0.070	0.050	0.040	0.070	0.030	0.110	0.120	0.000	0.120	0.070	0.060	0.080	0.020	0.050	0.040	0.030	0.020
0.567	0.281	9.000	40.000	45.000	85.000	0.010	0.020	0.030	0.010	0.020	0.070	0.080	0.100	0.150	0.000	0.140	0.130	0.060	0.090	0.040	0.030	0.000	0.010	0.010
2.041	0.278	9.000	71.000	29.000	100.000	0.000	0.000	0.020	0.030	0.030	0.080	0.090	0.100	0.140	0.000	0.210	0.070	0.100	0.020	0.040	0.040	0.020	0.000	0.010
0.567	0.259	9.000	36.000	34.000	70.000	0.000	0.000	0.030	0.060	0.040	0.060	0.100	0.060	0.160	0.000	0.060	0.150	0.070	0.090	0.090	0.020	0.000	0.000	0.010
0.698	0.225	9.000	55.000	15.000	70.000	0.020	0.010	0.020	0.040	0.080	0.080	0.040	0.080	0.100	0.000	0.150	0.050	0.110	0.090	0.070	0.010	0.020	0.020	0.010
0.381	0.247	9.000	64.000	21.000	85.000	0.010	0.010	0.020	0.020	0.050	0.090	0.090	0.050	0.190	0.010	0.130	0.080	0.060	0.050	0.040	0.040	0.010	0.030	0.020
1.119	0.265	8.000	33.000	35.000	68.000	0.010	0.020	0.020	0.010	0.070	0.070	0.090	0.080	0.120	0.010	0.130	0.130	0.010	0.070	0.080	0.040	0.030	0.010	0.000
1.881	0.290	8.000	56.000	29.000	85.000	0.010	0.000	0.030	0.040	0.020	0.110	0.050	0.140	0.040	0.000	0.200	0.070	0.170	0.020	0.040	0.030	0.010	0.010	0.010
0.529	0.266	10.000	78.000	23.000	101.000	0.000	0.020	0.020	0.020	0.060	0.050	0.060	0.110	0.160	0.000	0.200	0.050	0.070	0.070	0.050	0.010	0.030	0.010	0.010
1.119	0.250	9.000	43.000	18.000	61.000	0.010	0.030	0.020	0.050	0.040	0.040	0.060	0.080	0.180	0.000	0.090	0.080	0.120	0.070	0.050	0.050	0.030	0.000	0.000
0.845	0.229	9.000	38.000	24.000	62.000	0.020	0.010	0.030	0.070	0.040	0.030	0.070	0.100	0.110	0.010	0.130	0.060	0.090	0.080	0.080	0.030	0.010	0.030	0.000
0.748	0.191	8.000	36.000	32.000	68.000	0.000	0.000	0.040	0.030	0.080	0.040	0.080	0.080	0.130	0.000	0.100	0.140	0.120	0.070	0.030	0.040	0.020	0.000	0.000
0.604	0.233	9.000	44.000	17.000	61.000	0.000	0.010	0.050	0.060	0.090	0.000	0.060	0.060	0.120	0.000	0.160	0.090	0.120	0.070	0.040	0.040	0.010	0.010	0.010
0.659	0.284	9.000	43.000	41.000	84.000	0.000	0.010	0.050	0.030	0.040	0.050	0.070	0.120	0.140	0.000	0.130	0.090	0.090	0.020	0.070	0.040	0.050	0.000	0.000
1.001	0.257	9.000	61.000	33.000	94.000	0.010	0.010	0.030	0.070	0.020	0.090	0.040	0.080	0.130	0.000	0.140	0.090	0.090	0.040	0.080	0.050	0.020	0.010	0.000
0.556	0.240	9.000	34.000	20.000	54.000	0.000	0.030	0.030	0.060	0.040	0.070	0.060	0.120	0.080	0.010	0.160	0.050	0.070	0.050	0.070	0.020	0.020	0.030	0.030
1.358	0.248	9.000	96.000	32.000	128.000	0.000	0.000	0.020	0.040	0.050	0.090	0.090	0.080	0.160	0.000	0.130	0.080	0.050	0.090	0.030	0.040	0.030	0.000	0.020
0.345	0.228	9.000	47.000	17.000	64.000	0.010	0.030	0.020	0.040	0.040	0.050	0.090	0.060	0.150	0.010	0.120	0.090	0.080	0.100	0.050	0.020	0.010	0.000	0.030
