manipulating generation rate (interval = 40c ~ 3.0s)
ts_temp = 50.70, mon_eff = 0.36, wm_update_rate = 1.00, wm_threshold = 0.41, gen_period = 40
---	R	RNG	RG	CS1	CS2	CST	Associates
means:	1.439	0.294	7.944	28.028	23.639	51.667	0.026	0.033	0.023	0.024	0.029	0.035	0.081	0.113	0.142	0.004	0.127	0.110	0.073	0.041	0.035	0.024	0.025	0.028	0.028
SD:	1.777	0.039	0.674	3.684	4.223	6.123	0.010	0.013	0.016	0.016	0.019	0.015	0.018	0.023	0.025	0.005	0.026	0.022	0.025	0.017	0.018	0.015	0.019	0.016	0.013
z-scr:	-0.595	2.000	-3.159	0.212	0.150	0.278	1.611	0.952	-0.451	-0.863	-0.992	-1.099	0.422	1.224	1.791	-3.204	1.319	1.111	0.128	-0.821	-0.728	-0.833	-0.330	0.595	1.750

manipulating generation rate (interval = 34c ~ 2.5s)
ts_temp = 50.70, mon_eff = 0.36, wm_update_rate = 1.00, wm_threshold = 0.41, gen_period = 34
---	R	RNG	RG	CS1	CS2	CST	Associates
means:	1.481	0.317	7.583	27.361	26.028	53.389	0.041	0.024	0.024	0.027	0.031	0.038	0.061	0.099	0.120	0.003	0.144	0.136	0.089	0.039	0.030	0.030	0.021	0.022	0.023
SD:	1.022	0.034	0.692	3.826	3.468	5.173	0.017	0.015	0.015	0.016	0.015	0.017	0.023	0.031	0.038	0.006	0.038	0.025	0.026	0.020	0.015	0.013	0.015	0.013	0.017
z-scr:	-0.550	2.871	-4.250	0.140	0.436	0.426	3.111	0.258	-0.382	-0.702	-0.899	-0.942	-0.378	0.700	1.025	-3.231	1.944	2.068	0.716	-0.930	-0.952	-0.541	-0.590	0.139	1.333

manipulating generation rate (interval = 29c )
ts_temp = 50.70, mon_eff = 0.36, wm_update_rate = 1.00, wm_threshold = 0.41, gen_period = 29
---	R	RNG	RG	CS1	CS2	CST	Associates
means:	1.259	0.298	7.750	28.417	26.028	54.444	0.038	0.026	0.024	0.024	0.029	0.042	0.062	0.099	0.116	0.002	0.154	0.135	0.078	0.045	0.042	0.026	0.021	0.020	0.018
SD:	0.715	0.032	0.554	4.305	3.821	6.272	0.017	0.016	0.014	0.015	0.016	0.019	0.021	0.027	0.034	0.005	0.035	0.024	0.022	0.021	0.019	0.014	0.012	0.011	0.012
z-scr:	-0.787	2.170	-3.746	0.254	0.436	0.517	2.833	0.397	-0.382	-0.848	-1.005	-0.797	-0.311	0.689	0.900	-3.259	2.282	2.027	0.299	-0.640	-0.370	-0.716	-0.590	0.000	0.778

manipulating generation rate (interval = 23c)
ts_temp = 50.70, mon_eff = 0.36, wm_update_rate = 1.00, wm_threshold = 0.41, gen_period = 23
---	R	RNG	RG	CS1	CS2	CST	Associates
means:	1.059	0.298	7.944	29.194	31.194	60.389	0.036	0.028	0.018	0.030	0.034	0.039	0.056	0.107	0.112	0.003	0.161	0.145	0.054	0.046	0.038	0.038	0.025	0.019	0.014
SD:	0.607	0.027	0.475	4.609	5.835	8.476	0.015	0.014	0.012	0.014	0.016	0.016	0.026	0.032	0.034	0.006	0.033	0.028	0.022	0.021	0.015	0.018	0.015	0.016	0.012
z-scr:	-0.999	2.170	-3.159	0.337	1.056	1.028	2.556	0.556	-0.781	-0.541	-0.780	-0.906	-0.556	0.988	0.747	-3.231	2.550	2.397	-0.609	-0.616	-0.582	-0.132	-0.295	-0.079	0.361

manipulating generation rate (interval = 18c  ~ 1.0s)
ts_temp = 50.70, mon_eff = 0.36, wm_update_rate = 1.00, wm_threshold = 0.41, gen_period = 18
---	R	RNG	RG	CS1	CS2	CST	Associates
means:	0.937	0.287	8.333	33.500	27.639	61.139	0.031	0.026	0.021	0.031	0.038	0.039	0.052	0.098	0.126	0.001	0.168	0.134	0.057	0.051	0.037	0.029	0.023	0.022	0.014
SD:	0.604	0.025	0.676	5.169	7.583	8.222	0.014	0.015	0.016	0.013	0.014	0.018	0.017	0.029	0.037	0.003	0.028	0.027	0.017	0.019	0.018	0.015	0.016	0.013	0.010
z-scr:	-1.129	1.747	-1.984	0.801	0.630	1.093	2.056	0.397	-0.556	-0.453	-0.569	-0.918	-0.711	0.679	1.245	-3.296	2.798	1.996	-0.491	-0.374	-0.608	-0.556	-0.451	0.159	0.417

manipulating generation rate (interval = 12c)
ts_temp = 50.70, mon_eff = 0.36, wm_update_rate = 1.00, wm_threshold = 0.41, gen_period = 12
---	R	RNG	RG	CS1	CS2	CST	Associates
means:	0.889	0.279	8.306	49.028	19.556	68.583	0.023	0.014	0.027	0.026	0.039	0.057	0.059	0.086	0.156	0.004	0.178	0.084	0.067	0.047	0.045	0.034	0.028	0.016	0.010
SD:	0.309	0.027	0.668	10.383	3.924	10.997	0.014	0.011	0.014	0.012	0.018	0.025	0.023	0.028	0.045	0.006	0.039	0.024	0.027	0.019	0.017	0.018	0.015	0.013	0.010
z-scr:	-1.179	1.440	-2.068	2.473	-0.340	1.733	1.250	-0.456	-0.191	-0.746	-0.503	-0.133	-0.456	0.226	2.261	-3.185	3.155	0.154	-0.128	-0.568	-0.225	-0.307	-0.122	-0.278	0.028

